1 65.2 1 00:00 15
2 72.1 1 00:01 10
3 88.5 2 00:02 24
4 56.7 3 00:03 1
5 112.3 1 00:04 8
6 94.0 5 00:05 12
7 68.9 6 00:06 3
8 101.5 7 00:07 15
9 77.8 8 00:08 2
10 83.2 9 00:09 18
11 62.4 10 00:10 5
12 107.1 11 00:11 7
13 115.0 12 00:12 1
14 71.3 13 00:13 10
15 79.6 14 00:14 20
16 92.4 15 00:15 3
17 124.8 16 00:16 8
18 67.5 17 00:17 12
19 73.9 18 00:18 5
20 85.7 19 00:19 1
21 58.2 20 00:20 10
22 96.3 21 00:21 15
23 81.4 22 00:22 7
24 118.6 23 00:23 2
25 53.9 24 00:24 19
26 99.2 25 00:25 4
27 69.1 1 00:26 11
28 87.4 2 00:27 6
29 74.8 3 00:28 14
30 82.5 4 00:29 1
31 61.7 5 00:30 16
32 103.9 6 00:31 9
33 109.2 7 00:32 3
34 76.5 8 00:33 17
35 91.8 9 00:34 5
36 59.3 10 00:35 12
37 127.4 11 00:36 8
38 70.6 12 00:37 13
39 64.8 13 00:38 2
40 97.1 14 00:39 10
41 48.5 15 00:40 7
42 119.7 16 00:41 18
43 78.3 17 00:42 4
44 89.6 18 00:43 11
45 105.8 19 00:44 6
46 63.9 20 00:45 14
47 98.7 21 00:46 1
48 75.2 22 00:47 9
49 116.3 23 00:48 3
50 54.6 24 00:49 16
51 66.8 25 00:50 10
52 72.9 1 00:51 10
53 86.2 2 00:52 10
54 113.5 3 00:53 1
55 102.1 4 00:54 8
56 93.4 5 00:55 12
57 79.5 6 00:56 3
58 108.7 7 00:57 15
59 84.9 8 00:58 2
60 95.3 9 00:59 18
61 60.7 10 00:05 5
62 104.6 11 00:07 7
63 117.9 12 00:09 1
64 68.2 13 00:11 10
65 81.3 14 00:13 20
66 90.5 15 00:15 3
67 125.1 16 00:17 8
68 71.4 17 00:19 12
69 77.6 18 00:21 5
70 83.8 19 00:23 1
71 57.3 20 00:25 10
72 94.2 21 00:27 15
73 80.5 22 00:29 7
74 114.8 23 00:31 2
75 52.4 24 00:33 19
76 100.3 25 00:35 4
77 70.9 1 00:37 11
78 85.4 2 00:39 6
79 73.7 3 00:41 14
80 82.6 4 00:43 1
81 62.8 5 00:45 16
82 106.5 6 00:47 9
83 110.8 7 00:49 3
84 75.1 8 00:51 17
85 92.7 9 00:53 5
86 58.4 10 00:55 12
87 126.3 11 00:57 8
88 69.5 12 00:59 13
89 65.7 13 00:02 2
90 96.8 14 00:04 10
91 47.6 15 00:06 7
92 120.9 16 00:08 18
93 78.9 17 00:10 4
94 88.1 18 00:12 11
95 104.2 19 00:14 6
96 64.5 20 00:16 14
97 99.8 21 00:18 1
98 74.3 22 00:20 9
99 115.6 23 00:22 3
100 55.9 24 00:24 16
